2 1 1
10 15
6 1

3 0 3
10 8
7 11
5 2

1 0 0
2 1

1 0 200000
1 2

7 5 7
29 25
84 28
34 34
14 76
85 9
40 57
99 88

7 6 7
11 75
61 90
22 14
100 36
29 48
69 52
16 3

7 8 7
88 29
30 44
14 1
83 95
73 88
10 42
29 26

12 7 7
78 189
614 271
981 510
37 762
803 106
78 369
787 54
768 159
238 111
107 54
207 72
485 593

12 20 4
852 935
583 820
969 197
219 918
547 842
615 163
704 377
326 482
183 833
884 994
886 581
909 450

2 13 2
208637 682633
393097 724045

1 0 200000
42 1

1 6 200000
42 1

1 0 200000
1 42

1 6 200000
1 42

3 1 1
10 9
8 6
7 5

1 1 0
10 1

1 1 0
3 4

3 20 0
1 5
5 1
5 1

2 5 1
10 1
20 20

3 20 0
3 2
4 3
5 4

2 1 0
10 15
6 1

5 10 0
20 1
22 1
30 1
30 5
40 6

1 20 0
1 5

2 3 14
28 5
32 47

3 1 2
20 10
5 1
25 25

2 3 3
28 5
32 47

2 2 1
10 15
6 1

2 1 2
20 1
22 23

10 7 2
8 6
5 5
3 7
7 7
3 8
6 1
10 9
4 6
9 5
7 9

3 8 1
6 6
7 9
2 5

10 4 4
5 5
8 1
10 10
3 1
7 10
1 7
8 7
5 9
3 3
1 1

4 8 3
1 6
10 10
4 8
9 4

8 18 1
8 6
6 8
1 7
7 2
5 1
10 5
8 3
9 3

2 11 1
1 4
1 5

2 19 2
9 3
7 2

5 13 0
4 4
8 10
1 8
3 9
4 6

5 8 0
10 7
6 6
6 5
7 9
10 7

5 20 2
1 10
7 8
10 1
6 5
2 1

2 1 0
5 6
8 8

7 3 5
2 6
5 9
5 5
4 10
5 7
7 8
3 10

10 9 0
620118469 704168608
528098892 341451371
15150469 449838744
960504540 722185004
271837337 344050133
940943201 419522619
85569623 788965215
161962866 563795701
943389281 445744350
610994199 473866838

10 11 1
7 3
9 4
1 5
10 3
6 1
10 7
8 5
7 6
1 4
9 9

2 1 200000
44 42
1000 1001

5 12 2
5 9
8 9
4 1
2 5
1 8

4 8 1
9 9
7 6
2 4
6 10

2 1 1
292725479 742903381
239450691 307356865

