10
10 40
1 6 -32
2 7 -45
1 9 -91
1 4 -39
1 7 -39
9 10 -27
6 10 -45
5 8 -26
3 3 -29
4 5 -17
4 4 -9
1 8 -65
3 7 -38
2 4 -45
5 6 7
4 7 -9
3 6 -31
2 8 -71
6 9 -44
3 10 -91
1 5 -47
7 9 -59
3 5 -46
7 8 -33
1 2 -1
3 4 -38
2 2 -7
4 8 -35
4 6 -2
9 9 -26
2 3 -36
4 10 -62
2 5 -53
7 10 -60
2 10 -98
5 7 0
6 6 15
3 8 -64
5 9 -52
1 10 -91
10 40
6 7 65
2 7 113
1 7 97
8 9 12
3 5 71
3 4 81
5 9 67
1 2 -39
9 10 -37
8 10 -26
6 8 76
4 10 66
3 6 111
2 10 87
3 10 110
2 5 48
2 4 58
7 10 -1
5 7 55
1 9 109
1 10 71
5 8 66
7 9 37
1 3 5
10 10 -38
3 7 136
7 7 25
5 10 29
4 6 67
2 9 125
4 9 104
1 8 108
3 9 148
2 8 124
2 2 -23
6 6 40
1 1 -16
4 5 27
5 5 -10
6 10 39
10 40
1 3 -111
1 8 -114
2 9 -80
9 9 17
4 9 14
5 5 33
6 9 9
3 7 -48
6 8 -8
3 4 -77
5 8 25
2 8 -97
2 3 -94
7 7 -6
3 3 -49
2 10 -55
1 7 -110
4 6 7
9 10 42
8 9 13
1 6 -104
2 4 -122
6 7 -4
3 6 -42
1 5 -106
1 10 -72
3 10 -10
5 10 67
2 5 -89
7 8 -10
1 1 -17
8 8 -4
3 5 -44
10 10 25
5 6 35
7 10 32
1 9 -97
4 5 5
2 7 -93
4 7 1
10 40
8 9 -26
1 10 70
1 4 51
1 3 98
3 5 38
5 8 -15
9 9 22
4 8 -62
4 9 -40
1 2 55
7 8 -10
5 5 42
5 10 19
4 10 -28
4 5 -5
3 10 15
9 10 34
2 10 42
5 7 33
1 7 84
7 9 12
1 1 28
2 5 65
8 10 -14
3 4 -4
1 5 93
1 8 36
7 10 24
4 7 -14
1 6 46
2 4 23
8 8 -48
2 7 56
5 9 7
4 6 -52
10 10 12
3 9 3
6 8 -57
2 8 8
2 6 19
10 40
4 9 99
1 5 5
1 2 14
2 3 -24
1 1 43
2 9 75
1 3 19
6 7 50
4 6 31
8 10 70
4 4 1
3 8 86
5 10 105
3 7 41
2 6 7
2 4 -23
3 5 -9
3 6 36
3 10 111
8 8 45
2 5 -38
7 8 50
1 8 100
8 9 63
1 6 50
9 9 18
1 9 118
3 9 104
7 9 68
6 9 113
4 5 -14
4 10 106
5 7 35
5 5 -15
6 10 120
9 10 25
3 4 6
4 7 36
2 7 12
2 2 -29
10 40
1 3 26
6 8 14
2 9 66
4 6 33
1 6 59
1 5 34
8 8 11
5 9 75
1 10 38
4 10 12
5 7 33
3 5 42
5 6 55
10 10 -41
1 8 48
3 10 46
1 4 4
6 9 45
3 8 56
2 10 25
8 10 1
1 9 79
3 9 87
2 6 46
3 7 45
9 10 -10
4 4 -22
1 7 37
2 3 13
7 7 -22
6 10 4
5 10 34
1 2 -8
9 9 31
3 4 12
2 4 -9
7 10 -21
7 8 -11
4 8 22
2 5 21
10 40
3 4 -6
7 8 -30
2 10 85
5 8 -34
9 10 84
7 9 10
1 8 -21
5 6 -4
2 8 1
7 10 54
2 5 68
4 6 -4
2 4 35
5 10 50
1 9 19
6 8 -67
1 6 9
1 2 19
3 10 44
4 7 -50
1 1 -22
3 3 -6
3 7 -56
6 7 -83
8 10 100
1 5 46
5 7 -50
1 4 13
8 9 56
6 10 17
2 9 41
2 2 41
2 7 -15
4 8 -34
4 5 33
4 9 6
6 6 -37
3 5 27
4 10 50
1 7 -37
10 40
1 3 -35
1 10 -58
8 8 -24
8 10 16
2 10 -40
4 6 -33
6 9 -37
3 3 -26
1 2 -9
4 7 -39
3 4 10
2 8 -80
5 6 -69
1 9 -69
2 7 -56
1 7 -74
5 7 -75
2 6 -50
4 10 -23
3 8 -89
3 10 -49
6 6 -36
2 4 19
7 7 -6
3 5 -23
5 5 -33
4 8 -63
6 8 -66
7 10 10
4 5 3
2 2 9
3 6 -59
10 10 11
9 10 40
1 1 -18
5 8 -99
8 9 5
9 9 29
2 9 -51
1 5 -31
10 40
1 9 -25
1 8 -44
3 5 17
9 10 -11
5 9 21
2 6 34
8 10 -53
3 7 35
4 5 49
6 9 -5
3 9 12
6 8 -24
7 8 -60
2 4 -28
3 3 -32
4 8 25
6 7 18
10 10 -30
4 7 67
2 8 -26
1 7 -2
2 7 16
5 8 2
9 9 19
1 2 -37
5 6 62
2 5 -2
1 10 -55
5 7 44
4 9 44
5 10 -9
4 10 14
2 2 -19
2 10 -37
6 6 36
1 3 -69
8 9 -23
7 9 -41
1 4 -46
1 6 16
10 40
9 10 1
8 8 8
1 2 50
2 9 3
2 4 20
7 9 36
3 10 -3
6 9 -5
2 3 -7
7 7 49
5 10 5
2 6 -33
7 10 58
4 6 -26
1 6 -11
4 8 31
8 9 -13
1 3 15
2 5 8
6 7 8
10 10 22
4 9 10
5 8 4
4 7 23
1 7 38
1 9 25
6 8 16
3 4 -8
5 5 -12
3 8 -4
4 5 15
2 8 24
6 10 17
1 5 30
3 9 -25
3 6 -61
7 8 57
6 6 -41
8 10 9
1 8 46
