20
20 100
6 12 -55
8 9 55
2 15 -33
7 11 -54
2 3 8
1 8 79
9 16 -129
3 13 46
10 10 -49
13 20 -205
2 7 48
13 15 -23
4 10 46
4 17 -119
6 17 -156
16 18 -119
10 20 -318
4 12 -18
3 6 101
5 20 -212
5 12 -7
4 5 37
6 15 -78
8 20 -263
2 14 -29
10 14 -132
13 18 -142
6 14 -74
17 20 -140
14 16 -89
12 14 -44
15 20 -186
6 6 24
9 14 -83
2 12 -10
2 4 -3
5 13 17
11 11 -39
12 12 -25
7 12 -79
11 16 -129
4 20 -223
15 17 -82
3 20 -183
4 11 7
5 16 -72
7 14 -98
6 9 58
2 6 69
1 20 -190
3 12 22
6 13 -31
5 10 57
16 17 -78
5 11 18
3 19 -148
12 17 -126
7 15 -102
8 15 -81
9 18 -206
18 20 -104
6 16 -120
4 14 -37
7 16 -144
16 20 -182
12 16 -90
5 7 51
7 8 -15
10 13 -89
7 10 -15
11 14 -83
12 19 -195
2 2 -32
3 8 86
18 19 -69
2 20 -215
1 14 -4
3 9 135
13 16 -65
1 1 25
10 19 -283
5 5 48
15 19 -151
13 19 -170
1 7 73
1 16 -50
7 13 -55
11 13 -40
1 11 40
15 15 -4
8 16 -123
5 6 72
3 4 29
5 9 106
1 2 -7
14 17 -125
10 18 -255
4 18 -160
10 16 -178
6 18 -197
20 100
10 18 -85
10 19 -37
14 17 53
3 5 12
2 4 74
12 14 -67
2 8 50
2 14 -55
2 11 12
5 18 -153
10 15 -45
4 18 -172
6 19 -90
5 7 14
6 14 -114
4 20 -123
4 15 -132
2 12 -36
12 15 -51
15 20 25
3 6 31
5 16 -135
10 17 -36
5 17 -104
3 8 3
7 17 -108
19 19 48
9 12 -86
16 17 9
1 6 43
2 2 47
1 15 -74
1 5 24
7 16 -139
20 20 1
14 19 52
9 16 -111
7 20 -108
8 18 -167
5 12 -110
8 14 -143
9 15 -89
4 8 -43
13 14 -19
1 10 -6
3 4 27
14 16 22
8 15 -127
6 11 -47
13 20 6
9 13 -133
5 15 -113
7 18 -157
7 7 10
13 17 6
11 19 -60
6 15 -98
8 19 -119
15 18 -24
4 10 -64
12 19 -43
12 12 -48
5 8 -24
8 20 -118
1 7 53
10 12 -42
14 18 4
3 20 -77
11 16 -90
2 7 88
9 11 -38
11 15 -68
3 13 -130
9 19 -81
6 10 -30
1 18 -114
5 11 -62
4 19 -124
3 18 -126
3 14 -102
13 15 -3
4 11 -81
12 17 -42
1 19 -66
8 10 -59
4 5 -34
11 18 -108
6 8 -9
1 12 -71
2 9 6
6 7 29
17 20 31
12 18 -91
2 10 29
16 18 -40
12 13 -95
7 15 -117
1 11 -23
7 9 -72
19 20 49
20 100
15 19 -55
20 20 -10
4 8 -105
8 10 -34
10 15 -18
7 17 -115
10 18 -59
7 15 -31
7 18 -72
11 11 -18
1 11 -111
11 13 -29
8 16 -63
3 7 -73
3 12 -159
1 6 -50
6 11 -65
1 13 -122
9 19 -41
17 20 -33
9 18 -18
12 15 30
4 20 -156
1 7 -59
13 19 0
1 14 -90
4 15 -82
6 10 -47
18 19 20
12 12 -34
15 16 -32
5 19 -126
3 8 -118
15 20 -65
6 7 -13
16 20 -74
2 12 -178
8 17 -106
2 5 -79
17 18 0
8 15 -22
3 18 -136
7 11 -61
9 20 -51
5 17 -146
5 16 -103
12 16 -11
5 5 -27
1 3 1
7 12 -95
17 19 -23
4 12 -146
3 20 -169
11 18 -29
11 19 -52
3 9 -77
2 11 -144
14 15 41
10 12 -82
6 12 -99
4 9 -64
7 10 -43
4 6 -51
11 17 -72
2 14 -123
13 14 55
11 14 3
1 9 -63
11 12 -52
6 20 -109
19 20 -33
5 8 -85
13 15 64
5 18 -103
17 17 -43
15 15 9
6 13 -76
13 17 -20
2 20 -188
3 11 -125
6 9 -17
13 20 -10
4 19 -146
10 16 -59
7 19 -95
9 12 -41
3 10 -107
5 20 -136
3 3 -13
6 16 -76
11 16 -29
3 17 -179
12 13 -11
7 13 -72
12 18 -11
2 6 -83
5 10 -74
7 9 -13
12 17 -54
5 11 -91
20 100
3 17 -111
4 19 -85
13 17 -64
16 17 -31
6 10 17
16 20 -22
5 14 -22
6 18 -89
13 20 -55
13 14 -56
14 15 -22
6 7 33
14 18 -77
10 16 -22
12 15 -63
9 12 8
17 19 -61
5 13 23
3 16 -72
2 9 -31
18 20 9
6 19 -87
19 20 33
5 8 26
2 18 -116
6 8 -9
13 13 -11
1 15 -46
10 14 -53
6 9 -4
4 11 31
4 13 -10
5 17 -30
6 13 -12
7 12 13
11 13 -29
2 13 -39
10 15 -30
13 16 -25
5 9 31
8 10 -16
8 14 -90
2 8 -36
2 12 -28
14 19 -75
8 15 -67
3 12 -47
9 10 26
1 4 -47
4 4 -33
12 12 -30
3 7 -13
11 17 -82
15 16 31
5 7 68
5 16 9
1 11 17
11 19 -104
7 11 43
1 8 -21
7 9 10
9 17 -56
15 17 -8
5 19 -52
7 8 5
16 18 -55
5 6 21
9 18 -80
2 14 -84
12 19 -116
13 19 -86
15 19 -30
1 20 -68
3 6 -60
4 17 -63
9 15 -25
3 11 -17
15 18 -32
9 11 38
14 16 -14
12 20 -85
2 15 -61
1 6 -26
2 7 6
11 18 -106
12 13 -41
4 5 2
3 15 -80
1 1 15
6 17 -65
10 20 -52
2 16 -53
3 10 -29
8 19 -120
5 12 34
14 20 -44
1 7 21
5 15 1
7 13 2
1 14 -69
20 100
4 17 179
3 10 60
3 20 280
2 4 -32
9 18 205
4 19 237
15 19 137
10 11 13
9 16 161
5 10 58
10 17 148
5 11 38
12 15 96
4 18 191
4 13 77
5 12 46
3 5 -39
15 18 91
9 11 58
15 16 47
2 18 153
1 20 217
2 13 39
3 8 -18
2 19 199
9 14 114
1 17 112
14 16 70
7 9 27
17 20 137
7 20 280
1 5 -102
3 18 187
2 20 246
17 19 90
12 19 193
4 7 26
2 14 62
6 20 319
6 16 182
18 18 12
7 13 73
5 7 20
3 6 0
1 16 80
3 12 48
1 15 73
7 11 40
4 12 52
9 20 298
8 12 26
13 19 185
2 9 -7
1 6 -63
6 10 99
10 13 46
8 16 121
15 15 40
8 15 114
7 14 96
6 17 214
1 8 -81
11 12 -12
15 17 79
1 11 -23
1 9 -36
12 20 240
18 19 58
14 17 102
12 12 8
5 6 -2
11 13 13
6 13 112
6 7 61
1 13 10
7 17 175
11 18 127
11 11 -20
7 8 -18
16 16 7
10 18 160
3 13 73
9 15 154
6 12 87
7 15 136
9 13 91
10 15 109
8 18 165
7 16 143
6 18 226
8 10 38
14 15 63
16 18 51
4 4 6
16 20 144
9 12 66
6 15 175
7 10 60
1 12 -15
19 20 94
20 100
4 13 -35
10 18 -53
10 16 -66
15 18 -11
1 8 42
3 10 29
5 11 -84
1 5 50
12 14 -12
5 18 -107
8 19 -74
4 16 -72
5 7 -24
17 18 13
3 4 63
1 13 -10
8 14 -72
12 17 -28
6 16 -97
4 8 17
1 18 -34
10 13 -29
8 15 -89
8 13 -59
14 17 -29
9 14 -65
9 15 -82
8 17 -88
6 8 -8
11 13 -49
2 17 -33
1 6 65
2 16 -41
1 17 -39
3 9 9
2 13 -4
11 14 -62
19 19 9
9 9 -23
9 11 -53
9 20 -64
7 15 -105
3 6 55
3 11 -21
4 12 -72
16 20 18
1 3 25
8 18 -83
6 6 15
12 16 -36
4 17 -64
11 12 -86
13 16 0
13 20 25
13 19 22
8 20 -71
11 16 -86
1 2 10
3 17 -49
12 20 -11
3 18 -44
5 14 -96
13 14 24
4 7 24
7 14 -88
4 20 -47
7 11 -76
13 15 7
10 10 20
5 20 -95
1 14 -23
1 11 -11
3 19 -35
6 18 -84
3 15 -50
15 20 1
14 20 -12
16 16 -7
18 18 5
9 10 -3
7 13 -75
16 17 1
7 8 -23
6 7 -1
1 7 49
9 13 -52
5 10 -34
9 18 -76
15 17 -16
8 11 -60
8 16 -96
7 9 -46
5 5 -23
16 18 6
7 19 -90
10 19 -44
5 16 -120
9 17 -81
7 12 -112
17 19 22
20 100
4 9 49
2 17 -46
15 20 13
1 9 4
8 19 10
2 13 -27
1 3 -45
6 13 50
11 19 21
14 16 -30
12 18 -49
13 17 -33
9 19 -5
8 10 -11
19 20 48
6 6 43
6 17 31
9 13 -35
15 16 -69
5 8 124
4 7 60
8 8 15
9 17 -54
8 11 33
10 13 -9
7 15 25
2 9 -18
7 10 16
3 11 63
12 15 -35
2 3 -67
1 20 47
11 18 -5
6 11 103
6 20 102
13 19 16
8 17 -39
12 13 -53
16 20 34
1 5 -55
7 11 60
12 14 -14
19 19 26
3 16 -20
2 19 3
11 15 9
2 10 -18
13 14 25
15 19 -9
8 14 19
8 18 -16
13 16 -44
3 15 28
8 20 32
13 20 38
12 19 -23
9 10 -26
3 5 -40
3 6 3
17 18 34
4 17 21
1 7 15
4 13 40
8 15 -2
3 18 14
9 15 -17
5 17 70
6 7 70
1 2 -15
7 16 -23
7 18 11
1 4 -94
6 9 59
6 14 89
9 12 -21
3 14 49
7 14 46
10 11 44
16 17 -37
6 16 20
4 6 33
1 17 -24
5 5 39
4 20 92
11 20 43
3 19 40
9 18 -31
7 19 37
1 19 25
5 11 142
4 15 58
3 20 62
14 20 52
2 16 -57
1 10 4
2 15 -9
7 12 21
15 17 -58
18 18 23
2 11 26
20 100
13 16 -105
15 17 -65
6 15 28
5 15 55
8 12 56
2 6 38
1 4 45
7 19 46
12 18 -96
6 9 75
9 19 27
6 11 101
11 16 -109
6 8 27
10 10 13
2 16 9
5 17 28
2 3 -1
3 17 1
3 16 -21
1 15 100
6 7 28
7 10 80
7 18 -3
11 18 -83
2 4 3
5 6 35
16 16 -49
2 19 84
17 18 26
3 4 -27
11 12 -4
3 10 88
18 19 53
17 17 22
10 15 -47
4 13 110
8 17 -27
3 12 84
12 15 -73
8 10 60
12 13 -22
14 14 -13
8 15 0
5 11 128
8 19 26
1 11 173
7 11 93
9 20 32
4 20 90
5 5 27
2 14 96
7 8 19
5 8 54
7 16 -29
15 18 -61
2 12 114
9 16 -48
4 7 59
1 8 99
2 10 118
2 17 31
1 10 160
5 9 102
6 20 59
7 17 -7
1 9 147
14 16 -100
4 8 58
6 19 54
6 18 5
1 2 72
3 6 8
1 1 42
11 13 -9
4 14 97
2 15 58
1 12 156
3 8 27
2 20 89
12 12 -17
4 16 10
8 14 38
7 13 71
5 14 93
10 19 -21
8 11 73
4 5 31
13 18 -79
6 16 -21
9 11 74
5 20 86
7 12 76
17 19 75
11 17 -87
5 16 6
2 11 131
16 20 31
13 15 -56
11 14 -22
20 100
6 13 -75
8 9 14
6 8 -11
7 14 -52
13 14 10
3 18 -139
10 20 -217
5 13 -86
16 17 -90
7 18 -186
3 10 8
1 10 24
7 13 -98
2 3 27
15 18 -134
8 14 -16
19 20 -53
12 16 -102
6 10 -16
5 8 -22
7 16 -143
2 10 35
9 10 -5
10 15 -72
2 5 51
8 16 -107
17 19 -64
7 19 -207
6 19 -184
5 16 -131
8 20 -203
2 7 38
3 16 -96
4 16 -96
14 19 -109
10 13 -76
9 17 -150
6 18 -163
9 11 -7
4 5 24
3 4 35
3 17 -137
4 12 -15
15 19 -155
2 16 -69
1 12 1
3 13 -51
11 11 -2
12 15 -53
8 17 -148
9 19 -173
9 20 -205
2 13 -24
8 12 -26
5 14 -40
7 7 -36
18 18 -2
3 14 -5
8 18 -150
19 19 -21
13 18 -124
2 17 -110
1 19 -144
6 11 -18
1 5 40
2 18 -112
17 17 -41
4 9 25
2 6 74
2 12 12
2 15 -20
4 15 -47
11 19 -168
11 17 -145
5 7 -24
6 12 -39
3 7 11
13 19 -145
3 15 -47
18 20 -55
12 18 -145
8 19 -171
8 11 -5
7 20 -239
10 11 -19
9 13 -64
4 20 -192
3 3 0
14 20 -141
6 20 -216
5 20 -227
13 16 -81
12 20 -198
16 20 -145
1 15 -31
1 17 -121
11 14 -13
10 16 -121
11 13 -59
10 17 -162
20 100
1 6 73
9 11 52
6 8 -37
5 8 -29
4 8 -75
7 11 -32
8 16 58
4 7 -31
2 4 7
2 5 15
17 19 71
2 16 80
1 7 33
13 17 109
7 18 91
10 19 124
15 20 136
16 18 69
9 19 173
17 18 73
2 6 62
13 14 37
14 18 130
1 1 11
1 2 42
2 13 23
2 9 27
3 4 -24
2 19 151
2 12 19
4 19 98
10 13 -4
6 15 69
12 19 121
2 10 -10
18 19 23
6 6 47
10 17 101
3 18 122
3 5 -16
3 19 120
4 11 -23
15 19 95
6 10 -25
4 6 9
12 13 -7
9 16 102
7 12 -43
5 9 20
12 17 98
5 18 146
3 17 97
18 18 25
6 13 8
9 9 49
10 20 165
10 18 126
2 7 22
1 19 162
3 14 25
7 17 66
11 16 90
14 17 105
3 6 31
14 16 57
7 20 130
11 17 138
5 10 -17
1 12 30
8 15 62
12 18 123
6 7 7
8 8 -44
6 14 41
2 15 84
4 16 27
7 10 -72
2 11 30
1 14 67
13 20 173
4 9 -26
14 20 169
14 15 61
15 16 24
4 12 -34
1 13 34
5 12 12
8 19 129
4 15 31
13 13 4
5 5 8
6 20 177
5 6 55
9 10 12
11 12 29
8 10 -32
3 7 -9
18 20 64
11 18 163
14 19 129
20 100
3 7 84
3 15 214
9 11 37
1 6 51
15 18 66
1 9 132
7 11 117
1 18 260
6 13 149
8 10 63
17 19 -23
9 18 129
11 15 67
8 19 130
6 14 157
9 14 63
10 10 27
3 19 214
8 16 153
7 16 198
7 19 175
6 17 253
7 9 81
1 20 205
4 14 191
10 14 62
5 14 156
18 20 -85
3 18 248
2 10 196
5 6 13
9 10 28
5 18 222
2 13 223
8 17 194
19 19 -34
14 19 40
6 12 128
1 10 159
9 20 74
6 11 131
14 18 74
11 13 27
1 3 3
2 5 74
13 17 125
2 20 242
6 9 95
2 9 169
4 20 202
8 11 72
1 17 290
12 13 18
8 15 130
11 12 6
14 20 19
5 15 188
3 5 25
7 8 80
9 9 1
5 12 127
12 19 58
7 15 175
5 5 -1
14 17 104
2 17 327
1 13 186
13 15 61
4 19 223
2 4 75
3 4 26
19 20 -55
7 12 114
3 10 147
2 2 49
15 15 32
2 7 133
13 20 40
7 7 45
5 19 188
12 20 37
2 8 168
10 16 117
8 14 98
8 13 90
16 18 34
4 15 223
1 7 96
4 17 287
11 17 131
6 18 223
3 13 174
1 8 131
7 20 154
13 14 29
12 16 81
15 16 55
8 20 109
10 12 33
1 12 165
20 100
15 19 -57
9 11 -34
7 11 -58
17 18 -30
13 15 -19
8 10 -35
2 11 -156
1 17 -160
11 13 38
1 1 -13
10 15 -12
3 6 -58
16 20 -39
4 7 -23
8 14 -11
11 15 -16
7 14 8
2 3 -56
7 20 -71
9 10 8
13 18 -66
13 16 -36
10 19 -29
1 10 -127
7 15 -32
3 16 -107
5 11 -108
3 5 -27
14 19 -71
9 19 -25
4 17 -91
2 17 -147
6 9 -51
14 15 -54
1 14 -103
2 14 -90
1 8 -135
9 20 -47
14 18 -101
12 15 26
3 12 -71
5 13 -28
2 18 -177
1 7 -92
7 18 -79
3 8 -82
3 15 -90
17 17 0
6 14 -23
4 12 -55
2 6 -98
3 10 -74
1 6 -111
11 12 3
5 7 -31
7 16 -49
6 8 -55
12 12 45
8 13 3
2 19 -147
5 5 -19
7 8 -24
14 17 -71
4 6 -42
15 18 -87
8 18 -98
12 18 -21
8 20 -90
2 9 -118
12 17 9
9 18 -55
3 18 -137
4 19 -91
7 9 -20
17 19 0
3 7 -39
10 17 -29
10 13 42
8 15 -51
7 13 22
7 19 -49
4 5 -11
8 17 -68
4 13 -20
9 13 46
5 12 -63
12 20 -13
1 3 -69
5 10 -66
6 20 -102
16 19 -17
7 17 -49
8 19 -68
12 14 66
5 16 -99
11 17 -33
1 9 -131
5 15 -82
14 20 -93
9 15 -8
20 100
10 16 -44
9 17 -14
2 14 147
6 6 2
8 10 65
11 17 -34
2 18 75
4 5 51
13 20 -3
5 19 18
1 9 124
4 10 97
5 6 12
3 11 166
11 14 20
12 14 -24
11 12 3
10 14 -1
2 5 81
14 16 -34
5 11 100
9 20 20
8 15 61
4 6 53
7 12 47
1 1 -24
9 18 -32
3 8 102
1 10 103
6 7 -19
13 15 -7
3 10 122
6 12 49
7 14 64
3 5 76
7 19 6
5 5 10
16 20 4
7 10 44
1 8 83
3 6 78
12 17 -78
1 14 123
1 5 57
12 12 -41
6 18 -6
1 12 106
19 20 52
8 19 27
5 7 -9
3 13 133
8 18 13
3 20 122
6 15 42
1 16 80
2 12 130
7 16 21
8 11 109
17 18 -29
4 14 117
10 19 -59
6 16 23
2 3 30
6 14 66
4 9 118
3 14 142
1 20 103
9 19 -18
18 19 -4
4 15 93
10 15 -25
11 11 44
7 9 65
14 19 -49
10 10 -21
15 17 -54
3 15 118
8 14 85
7 15 40
8 17 31
1 4 47
13 16 -26
7 20 44
9 11 64
7 8 24
2 9 148
6 17 12
13 14 17
11 20 0
12 20 -44
11 13 11
1 11 147
3 17 88
1 3 6
2 20 127
2 19 89
5 17 22
3 16 99
12 19 -82
11 16 -23
20 100
11 20 21
10 14 59
4 20 137
13 19 12
4 16 141
15 17 27
8 20 124
2 19 135
15 18 -14
16 18 -54
5 14 155
2 5 9
7 17 117
9 16 85
15 19 1
11 13 61
6 14 125
1 10 129
11 12 17
11 17 55
3 11 133
8 9 72
20 20 -8
1 14 157
3 7 -10
5 9 96
8 12 120
9 13 121
10 18 45
6 6 35
14 17 -6
15 20 -7
9 18 74
19 20 7
3 4 -34
14 18 -47
6 7 -6
1 5 32
6 15 165
15 15 40
4 10 116
5 17 182
1 15 197
14 15 7
1 8 69
11 11 40
2 6 44
5 16 152
10 12 48
17 19 4
13 20 4
13 17 38
16 20 -47
13 16 8
19 19 15
3 16 118
9 20 81
11 18 14
17 17 30
10 13 92
8 19 132
5 18 141
1 17 184
3 10 93
10 16 56
8 17 158
2 17 161
1 19 158
5 8 67
7 16 87
3 15 161
6 16 122
3 12 110
8 18 117
12 13 21
8 10 103
4 18 130
5 11 167
4 6 54
12 20 -19
6 11 137
6 17 152
12 18 -26
1 20 150
1 16 154
10 11 71
4 13 177
13 15 51
9 11 100
8 11 143
2 10 106
4 19 145
9 10 60
18 19 -26
12 16 -15
3 20 114
13 14 11
6 18 111
14 19 -32
12 15 28
20 100
6 13 7
1 15 -70
14 17 -110
9 20 -151
17 20 -50
2 9 14
6 11 34
15 20 -87
6 17 -103
4 6 -11
4 11 -5
10 19 -76
2 20 -100
3 5 -33
7 13 -21
10 14 -27
12 19 -111
7 10 1
4 7 30
16 20 -64
8 14 -97
6 10 29
10 13 8
10 18 -110
1 5 -19
4 16 -104
4 5 -39
4 17 -142
8 18 -180
2 3 54
9 16 -101
5 16 -108
15 18 -83
5 5 -43
3 12 -11
5 18 -154
9 10 -7
3 10 -4
1 10 10
15 16 -37
8 17 -172
2 10 44
6 14 -28
3 20 -148
6 19 -77
2 6 43
6 12 22
3 3 6
3 17 -136
10 15 -50
18 19 26
5 13 -36
4 18 -150
15 19 -49
9 14 -64
16 18 -60
8 9 -70
8 20 -184
6 15 -51
4 19 -116
4 12 -17
8 19 -146
1 16 -84
8 10 -40
9 17 -139
12 18 -145
10 12 23
17 18 -46
3 16 -98
14 15 -58
4 9 -40
10 17 -102
2 13 22
7 7 41
9 11 -2
3 7 36
7 15 -79
1 19 -96
7 11 6
13 19 -99
12 15 -85
8 13 -62
2 5 15
11 19 -106
4 20 -154
3 19 -110
7 20 -143
18 20 -12
14 16 -72
3 8 3
4 10 -10
19 20 -4
12 12 -12
1 20 -134
13 15 -73
11 13 -22
6 9 -1
9 13 -29
9 15 -87
5 14 -70
20 100
10 10 29
1 12 18
6 7 -16
2 8 57
13 17 -21
6 18 -78
13 20 5
4 7 8
2 9 27
4 20 12
6 12 -17
5 18 -31
6 19 -53
11 20 -44
2 11 9
5 8 80
1 20 23
7 11 -10
8 11 1
12 14 -28
2 14 -19
12 19 -38
11 13 -40
3 4 1
9 12 -50
11 16 -80
4 8 57
5 19 -6
9 20 -45
1 18 -43
7 17 -33
2 3 0
7 13 -3
14 19 -45
16 18 1
15 19 -10
17 18 -30
1 10 67
4 19 -29
6 9 3
10 19 -56
2 17 -14
12 12 -2
7 19 -48
5 14 4
5 5 47
13 15 -62
2 20 12
3 7 32
12 15 -64
2 6 19
12 13 7
4 14 -19
8 10 48
3 18 -30
1 19 -18
3 10 80
13 19 -36
10 17 -41
9 11 -48
3 5 48
1 13 27
6 10 32
10 12 -20
9 10 -1
9 16 -81
7 9 8
10 11 -18
2 16 -24
8 15 -63
13 16 -31
2 13 16
1 17 -3
8 12 -1
2 2 -24
13 13 9
4 6 19
14 18 -70
3 6 43
14 20 -4
3 15 -31
1 2 -13
4 12 7
3 11 33
6 14 -43
1 8 68
7 20 -7
5 20 35
6 13 -8
2 12 7
3 13 40
12 17 -23
6 8 33
11 12 -49
8 13 8
2 19 -29
8 17 -22
3 16 0
16 20 67
6 17 -37
20 100
1 2 -30
12 13 34
2 2 -8
10 14 -21
16 18 1
8 19 -87
1 15 -164
3 8 -91
4 17 -106
10 13 -23
12 19 -31
6 16 -64
15 16 -57
9 14 -14
11 20 -111
4 11 -127
7 18 -49
4 7 -71
6 13 -9
4 14 -91
1 5 -128
10 20 -133
4 5 -84
3 19 -172
12 12 31
14 18 -26
11 16 -56
8 18 -48
9 19 -81
7 10 -22
6 20 -119
4 20 -203
2 20 -225
17 17 42
6 9 14
8 8 -6
9 12 -19
1 6 -114
3 11 -141
4 13 -93
12 18 8
4 18 -119
4 16 -148
14 15 -27
7 8 -7
5 16 -104
5 6 -26
10 19 -88
7 15 -50
15 18 -28
5 8 -33
5 14 -47
1 16 -192
6 10 -8
10 15 -50
11 14 1
2 10 -114
13 15 -24
16 16 -28
3 3 -14
14 20 -110
11 18 -27
5 10 -48
5 15 -76
2 19 -180
6 19 -74
14 16 -55
1 11 -171
9 17 -29
10 18 -49
17 18 29
7 16 -78
6 12 -12
7 7 -1
13 14 5
1 9 -114
3 17 -120
2 16 -170
6 7 13
9 13 -16
7 17 -36
14 19 -65
6 18 -35
5 12 -52
9 10 -15
7 12 -26
13 16 -52
11 15 -28
1 10 -136
19 20 -84
4 12 -96
18 20 -97
2 5 -106
7 9 0
1 17 -150
13 17 -10
11 11 -35
1 14 -135
1 4 -88
11 12 -3
20 100
9 20 116
6 17 -52
10 17 50
10 12 -20
2 9 -35
7 15 -52
5 8 -86
13 16 69
6 15 -41
8 20 79
10 11 15
6 13 -73
2 17 15
1 14 55
8 15 -7
8 17 -18
16 16 -12
4 18 9
10 15 61
3 3 26
15 18 53
4 10 -113
1 5 113
7 13 -84
4 15 -27
2 5 67
4 6 25
1 11 26
16 18 36
7 10 -138
15 17 6
14 16 20
2 14 9
5 20 30
3 11 -47
14 19 77
1 2 73
10 16 49
2 13 -6
4 20 59
7 12 -133
10 20 147
5 14 -73
7 9 -113
1 17 61
8 19 38
1 18 108
14 15 32
11 19 131
11 18 122
2 15 26
12 20 132
6 10 -127
11 16 74
1 3 99
8 16 -19
6 7 -34
2 16 14
13 17 70
9 18 66
4 9 -88
2 8 -4
7 8 -82
7 11 -98
2 3 53
6 19 4
9 16 18
3 8 -31
3 5 40
2 4 82
1 12 -9
5 13 -88
15 19 62
2 2 27
2 19 71
10 13 29
2 20 112
5 15 -56
12 18 82
10 18 97
11 14 69
9 19 75
9 15 30
3 9 -62
4 8 -57
17 20 98
1 8 42
17 17 1
13 15 81
15 20 103
4 11 -73
1 16 60
12 15 46
11 12 5
11 15 86
13 19 126
6 20 45
6 12 -122
3 16 -13
5 11 -102
20 100
2 3 -5
15 20 28
5 16 18
1 17 66
5 19 16
9 15 104
6 19 28
4 19 14
7 14 37
5 9 -67
9 10 77
12 13 -76
2 19 9
1 10 8
7 17 93
17 19 -2
11 14 2
2 7 -80
11 17 58
6 7 -61
1 14 10
4 14 -27
9 11 118
1 12 6
18 19 -15
2 16 11
2 17 24
19 20 19
6 8 -92
4 5 -14
6 6 -50
13 16 47
5 20 3
1 13 -27
2 13 -69
7 16 80
10 13 5
2 6 -69
7 12 33
3 19 34
9 20 107
14 19 78
2 11 7
1 19 51
13 18 13
6 16 30
6 13 -50
2 5 -19
12 20 -11
12 19 2
13 15 29
7 7 -11
3 7 -55
2 14 -32
11 18 11
9 18 88
7 20 65
2 8 -111
3 17 49
5 15 0
16 20 3
4 12 -31
1 11 49
15 15 25
2 12 -36
4 8 -106
8 10 46
5 10 -27
3 15 18
17 20 -15
2 10 -34
11 12 -2
9 17 135
10 11 81
5 11 14
15 16 43
10 14 42
8 17 104
3 8 -86
4 13 -64
9 19 120
1 15 35
12 17 17
3 18 2
4 10 -29
4 6 -64
2 20 -4
8 9 6
4 11 12
8 13 11
10 19 83
7 11 76
10 15 67
12 14 -39
5 7 -73
3 5 6
5 12 -29
6 15 12
1 4 35
16 19 17
20 100
2 2 -36
4 13 -11
2 20 -117
1 5 -11
14 15 12
4 6 74
7 16 -78
1 12 -111
2 18 -59
13 16 2
10 10 -37
1 10 -71
10 14 -52
9 17 -48
5 19 -84
1 17 -98
3 9 41
6 14 -75
16 19 -36
17 18 11
7 8 -19
2 9 5
16 18 6
8 20 -145
7 14 -55
7 15 -73
3 5 64
4 9 71
9 14 -36
12 18 13
1 9 -34
3 18 -23
3 6 44
9 10 -21
4 20 -51
4 14 19
5 7 45
15 19 -54
14 20 -40
10 18 -64
4 18 7
13 14 25
3 14 -11
3 12 -36
6 11 -100
3 3 -30
15 18 -12
13 18 13
1 14 -86
6 6 -20
5 12 -55
9 13 -66
2 17 -59
1 3 -105
7 20 -125
10 20 -122
6 9 -23
7 17 -67
8 16 -98
15 20 -70
8 17 -87
4 4 49
1 1 -39
11 17 -27
1 13 -116
7 11 -80
8 12 -100
2 11 -72
10 17 -64
9 18 -48
12 14 25
6 16 -98
5 13 -60
16 20 -52
1 2 -75
17 19 -31
2 4 -17
5 17 -42
18 20 -58
16 16 -5
3 11 -36
5 8 6
3 17 -23
2 10 -32
13 17 13
2 19 -101
8 9 -23
4 15 1
10 15 -70
5 16 -53
2 6 8
6 7 0
7 12 -80
11 11 -40
6 12 -100
6 17 -87
6 19 -129
10 13 -82
3 13 -41
5 14 -29
