2538631 4
21569409 4
261038081 4
15188781 3
225192549 3
525120729 5
13068529 3
127122681 4
683672473 5
583100301 4
65239805 4
60544496 4
99262623 5
195572461 2
236297959 3
92905606 1
7537921 4
142700416 3
62580871 2
493821577 1
560733169 5
820200480 2
25647217 2
277921712 5
711403357 4
472293531 2
46052671 4
100351630 5
711849139 3
195636354 3
337586549 4
994185413 3
414410192 1
20855096 1
427551281 3
111039769 2
29306085 1
708877 2
30125635 2
74936951 3
882829795 4
405197863 3
266368145 5
21589457 2
332199667 2
303088501 3
143378320 2
487111231 2
263329307 4
353567732 2
92344834 5
300764437 4
166873701 1
201639921 1
153506501 3
462959309 1
458036079 3
113336533 4
212865717 5
27186481 3
577033563 3
107279173 4
571580531 2
77068685 1
26468720 1
16704117 2
113644933 1
458423831 3
279973531 5
16081414 1
307318375 3
447575896 4
534704799 5
10842591 2
135828001 3
616330783 2
319085545 2
164368573 3
538721764 4
26695531 2
232066197 5
63273905 2
190350820 5
959847699 5
294020156 2
561479503 4
158026473 2
252968343 1
360415421 4
107152485 3
102886993 5
428355643 1
81593281 2
281727631 3
206526613 4
241983491 2
434756401 2
168768320 5
148468601 2
751539271 2
